381915.110999999
381915.2108
381915.3105
381915.4106
381915.510599999
381915.610999999
381915.711999999
381915.8118
381915.911699999
381916.0124
381916.112199999
381916.212999999
381916.3125
381916.412899999
381916.513099999
381916.6129
381916.7138
381916.8138
381916.913699999
381917.014399999
381917.114
381917.215
381917.314799999
381917.515499999
381917.6153
381917.815799999
381917.916
381918.0164
381918.216799999
381918.3166
381918.5172
381918.617299999
381918.8177
381918.9179
381919.118299999
381919.2187
381919.418899999
381919.519199999
381919.6193
381919.819799999
381919.920199999
381920.1202
381920.2211
381920.421099999
381920.5212
381920.721499999
381920.922199999
381921.1229
381921.424899999
381921.526
381921.7235
381921.923999999
381922.124399999
381922.325
381922.5251
381922.8262
381923.126899999
381923.326699999
381923.627399999
381923.727499999
381924.0282
381924.228699999
381924.428899999
381924.629399999
381924.8299
381925.030099999
381925.2306
381925.3386
381925.5356
381925.731399999
381925.931999999
381926.132099999
381926.332799999
381926.5331
381926.733599999
381926.8339
381927.034099999
381927.2346
381927.4351
381927.6353
381927.8358
381928.036299999
381928.1362
381928.437199999
381928.6374
381928.837799999
381928.9378
381929.140899999
381929.3396
381929.4389
381929.647799999
381929.8474
381930.040199999
381930.2405
381930.447199999
381930.541
381930.749699999
381930.941899999
381931.042
381931.244
381931.4466
381931.643999999
381931.743299999
381931.952199999
381932.1438
381932.244499999
381932.4461
381932.6451
381932.752399999
381932.945699999
381933.1485
381933.2464
381933.455499999
381933.6472
381933.8485
381933.948499999
381934.152799999
381934.3507
381934.4491
381934.655399999
381934.851199999
381935.059699999
381935.2566
381935.359699999
381935.551099999
381935.7565
381935.951899999
381936.1521
381936.253099999
381936.452899999
381936.6532
381936.8534
381937.053799999
381937.2565
381937.459299999
381937.6621
381937.8555
381937.956
381938.1562
381938.356499999
381938.5568
381938.757299999
381938.9608
381939.0643
381939.2626
381939.4626
381939.665099999
381939.959399999
381940.059699999
381940.265399999
381940.463199999
381940.667399999
381940.867499999
381941.164099999
381941.2663
381941.4625
381941.6622
381941.8632
381942.063499999
381942.264099999
381942.363699999
381942.564499999
381942.769099999
381942.971499999
381943.1656
381943.366199999
381943.466399999
381943.6669
381943.867399999
381944.0676
381944.267899999
381944.467899999
381944.6683
381944.8691
381945.070599999
381945.1692
381945.3703
381945.570499999
381945.7711
381945.9712
381946.075
381946.271899999
381946.476599999
381946.6755
381946.873199999
381947.0739
381947.277899999
381947.374
381947.574599999
381947.7748
381948.075499999
381948.2758
381948.476199999
381948.777
381948.977399999
381949.078099999
381949.382199999
381949.578399999
381949.778799999
381949.979099999
381950.079299999
381950.2798
381950.480199999
381950.6807
381950.8812
381951.081499999
381951.2844
381951.4821
381951.5825
381951.782799999
381951.9832
381952.183599999
381952.3841
381952.4844
381952.684799999
381952.884799999
381953.085299999
381953.2857
381953.385899999
381953.5863
381953.8866
381953.988799999
381954.187399999
381954.387899999
381954.5876
381954.788699999
381954.988799999
381955.1888
381955.389599999
381955.5897
381955.790299999
381955.9908
381956.1915
381956.291499999
381956.492
381956.692199999
381956.892799999
381957.092899999
381957.2932
381957.393299999
381957.594199999
381957.7943
381957.994599999
381958.1953
381958.3987
381958.495899999
381958.6977
381958.897999999
381959.0969
381959.297499999
381959.4976
381959.597999999
381959.898899999
381959.998499999
381960.199499999
381960.3999
381960.6031
381960.8005
381961.001099999
381961.201799999
381961.3015
381961.5018
381961.702099999
381961.903099999
381962.1031
381962.203299999
381962.4036
381962.604099999
381962.804599999
381963.004799999
381963.205499999
381963.4059
381963.5062
381963.706599999
381964.007299999
381964.2077
381964.4107
381964.612699999
381964.8114
381965.0089
381965.209199999
381965.4098
381965.6129
381965.815
381966.0111
381966.215599999
381966.3113
381966.612
381966.8125
381967.0127
381967.213099999
381967.4136
381967.5139
381967.713999999
381967.9145
381968.1179
381968.318299999
381968.616199999
381968.8167
381968.916599999
381969.1168
381969.317399999
381969.5186
381969.718099999
381969.818399999
381970.0214
381970.2221
381970.425999999
381970.619799999
381970.823199999
381971.025299999
381971.221699999
381971.4218
381971.6219
381971.822299999
381972.023099999
381972.2231
381972.429799999
381972.6266
381972.824299999
381973.0246
381973.225299999
381973.325499999
381973.525499999
381973.726
381973.9267
381974.126999999
381974.326899999
381974.527
381974.7273
381974.8277
381975.0309
381975.229099999
381975.4292
381975.629799999
381975.8297
381976.030399999
381976.2381
381976.433299999
381976.6317
381976.932499999
381977.1328
381977.3334
381977.5335
381977.7334
381977.9342
381978.1349
381978.335
381978.535399999
381978.7355
381978.935999999
381979.036499999
381979.2369
381979.4375
381979.6373
381979.838199999
381980.0386
381980.2404
381980.339199999
381980.5397
381980.741299999
381980.9404
381981.1424
381981.3409
381981.546399999
381981.7502
381981.944799999
381982.1439
381982.342999999
381982.5516
381982.7476
381982.843899999
381983.0483
381983.2476
381983.4486
381983.647899999
381983.748699999
381983.949
381984.146899999
381984.346699999
381984.447199999
381984.7505
381984.947999999
381985.152899999
381985.354999999
381985.4549
381985.6496
381985.8558
381986.0503
381986.250899999
381986.3508
381986.551299999
381986.7516
381986.951899999
381987.1583
381987.2527
381987.452999999
381987.6597
381987.8631
381988.0542
381988.2625
381988.354899999
381988.657599999
381988.7555
381988.9562
381989.159099999
381989.362299999
381989.557399999
381989.7578
381989.958199999
381990.1587
381990.358599999
381990.5591
381990.759399999
381990.962699999
381991.160199999
381991.363399999
381991.564
381991.7615
381991.961899999
381992.062399999
381992.2665
381992.462899999
381992.6633
381992.8669
381993.0642
381993.2673
381993.466599999
381993.665299999
381993.872099999
381994.066099999
381994.166299999
381994.3668
381994.573399999
381994.767099999
381994.971399999
381995.1683
381995.368299999
381995.5691
381995.769299999
381995.869699999
381996.0699
381996.270499999
381996.471
381996.671199999
381996.8717
381996.9712
381997.172
381997.3726
381997.572999999
381997.6733
381997.8738
381998.0741
381998.274399999
381998.4746
381998.674999999
381998.775199999
381998.9756
381999.176099999
381999.377299999
381999.476599999
381999.677099999
381999.880699999
382000.077899999
382000.281699999
382000.4794
382000.683299999
382000.879499999
382000.9797
382001.1802
382001.3804
382001.5809
382001.7812
382001.9817
382002.182099999
382002.381999999
382002.482699999
382002.683
382002.883399999
382003.0838
382003.2844
382003.4908
382003.689599999
382003.7945
382003.9855
382004.186099999
382004.3865
382004.586799999
382004.7894
382004.8899
382005.087699999
382005.2909
382005.488499999
382005.6892
382005.8888
382005.9891
382006.189899999
382006.3901
382006.5909
382006.791199999
382006.991399999
382007.091799999
382007.2929
382007.492399999
382007.693
382007.8984
382007.996299999
382008.1937
382008.396999999
382008.5973
382008.795099999
382008.895399999
382009.195999999
382009.2957
382009.5969
382009.696799999
382009.8973
382010.0974
382010.297499999
382010.498
382010.5983
382010.7983
382010.9992
382011.2024
382011.4001
382011.600299999
382011.700599999
382011.903799999
382012.1068
382012.3065
382012.5017
382012.7028
382012.8041
382013.006099999
382013.2036
382013.406799999
382013.5078
382013.704599999
382013.907999999
382014.1054
382014.3102
382014.506099999
382014.606399999
382014.8068
382015.0075
382015.209199999
382015.411
382015.608499999
382015.8113
382015.913699999
382016.116099999
382016.3141
382016.511899999
382016.710599999
382016.911499999
382017.010999999
382017.211799999
382017.4121
382017.612299999
382017.8127
382018.013399999
382018.113599999
382018.3167
382018.514299999
382018.7145
382018.915399999
382019.1156
382019.315699999
382019.5162
382019.716599999
382019.816999999
382020.0173
382020.2175
382020.417699999
382020.618599999
382020.8187
382021.019399999
382021.119699999
382021.419899999
382021.6203
382021.720499999
382021.9209
382022.1215
382022.3248
382022.5221
382022.722499999
382022.929
382023.126899999
382023.423899999
382023.524399999
382023.8249
382024.025399999
382024.225299999
382024.428899999
382024.6287
382024.829399999
382025.0272
382025.227599999
382025.4305
382025.530499999
382025.727899999
382025.928899999
382026.129299999
382026.329499999
382026.530199999
382026.730299999
382026.830599999
382027.1312
382027.231499999
382027.4318
382027.632199999
382027.8325
382027.9326
382028.132999999
382028.3337
382028.533899999
382028.733899999
382028.8346
382029.135
382029.2353
382029.435699999
382029.639199999
382029.8408
382029.9388
382030.136999999
382030.346299999
382030.537899999
382030.7381
382030.9475
382031.147799999
382031.2393
382031.439499999
382031.64
382031.840599999
382031.9405
382032.141
382032.341399999
382032.4417
382032.642099999
382032.8424
382033.042499999
382033.142799999
382033.3432
382033.543799999
382033.7442
382033.944499999
382034.0479
382034.2454
382034.445499999
382034.6459
382034.745799999
382034.9465
382035.146899999
382035.3471
382035.447299999
382035.648099999
382035.8483
382036.048699999
382036.248599999
382036.449299999
382036.65
382036.850299999
382037.050899999
382037.250999999
382037.4513
382037.651899999
382037.852399999
382038.053
382038.253399999
382038.453299999
382038.553599999
382038.7541
382038.954199999
382039.1547
382039.354999999
382039.4609
382039.6585
382039.960599999
382040.0567
382040.3571
382040.558399999
382040.760799999
382040.9625
382041.163
382041.261799999
382041.460299999
382041.6595
382041.859999999
382042.063199999
382042.260899999
382042.4613
382042.661599999
382042.862
382043.062399999
382043.262899999
382043.4662
382043.6636
382043.864
382044.064599999
382044.168599999
382044.364999999
382044.5689
382044.7698
382044.9662
382045.066099999
382045.273099999
382045.4671
382045.6682
382045.767899999
382045.9708
382046.1705
382046.372199999
382046.569399999
382046.7697
382046.970299999
382047.0703
382047.2723
382047.471299999
382047.671399999
382047.8719
382048.0751
382048.2726
382048.376999999
382048.676399999
382048.777999999
382048.9785
382049.1746
382049.375799999
382049.5753
382049.777799999
382049.8754
382050.080299999
382050.282
382050.4769
382050.6769
382050.878
382051.078399999
382051.2809
382051.483499999
382051.6832
382051.781699999
382051.979999999
382052.183
382052.383099999
382052.5839
382052.7848
382052.9869
382053.182199999
382053.282499999
382053.4831
382053.683299999
382053.8836
382054.084199999
382054.286299999
382054.484899999
382054.6854
382054.885699999
382055.0859
382055.286499999
382055.486099999
382055.586999999
382055.7871
382055.987599999
382056.188
382056.387899999
382056.5886
382056.7895
382056.989899999
382057.0897
382057.290099999
382057.4905
382057.691099999
382057.8913
382058.0949
382058.296199999
382058.4943
382058.693199999
382058.8935
382059.093899999
382059.2945
382059.394599999
382059.6953
382059.8952
382060.096
382060.296399999
382060.396699999
382060.5969
382060.797499999
382060.9976
382061.197999999
382061.3986
382061.5982
382061.798999999
382062.006999999
382062.299699999
382062.500799999
382062.7012
382062.901499999
382063.1018
382063.202099999
382063.4025
382063.6031
382063.803399999
382064.003599999
382064.204099999
382064.414899999
382064.6079
382064.8118
382065.005799999
382065.106099999
382065.406599999
382065.5125
382065.7075
382065.9074
382066.1079
382066.3082
382066.5086
382066.708999999
382066.8093
382067.009599999
382067.2098
382067.410399999
382067.5104
382067.7109
382067.911699999
382068.1121
382068.312099999
382068.5128
382068.6131
382068.8131
382069.0135
382069.214099999
382069.3141
382069.514399999
382069.715
382069.915099999
382070.118499999
382070.2186
382070.4195
382070.6168
382070.816999999
382071.0201
382071.117599999
382071.318099999
382071.5187
382071.718799999
382071.819
382072.019599999
382072.220199999
382072.4205
382072.626999999
382072.827199999
382073.021799999
382073.222
382073.422299999
382073.522699999
382073.7231
382073.923499999
382074.223999999
382074.4243
382074.624699999
382074.8249
382075.025499999
382075.2259
382075.426199999
382075.7269
382075.927299999
382076.1276
382076.3286
382076.628599999
382076.829
382077.1324
382077.3323
382077.630899999
382077.832899999
382078.1314
382078.334399999
382078.635999999
382078.9332
382079.233599999
382079.534199999
382079.734699999
382080.035199999
382080.336599999
382080.6366
382080.937199999
382081.238799999
382081.537899999
382081.8388
382082.139399999
382082.440899999
382082.8407
382083.1414
382083.5508
382083.9474
382084.444
382084.9453
382085.3456
382085.654099999
382086.046499999
382086.5527
382086.9511
382087.4498
382087.8507
382088.1559
382088.657
382089.0528
382089.5544
382089.856
382090.2551
382090.656299999
382090.956799999
382091.357299999
382091.758499999
382092.161699999
382092.5628
382092.962799999
382093.361199999
382093.7625
382094.162899999
382094.664199999
382095.165299999
382095.666299999
382096.2676
382096.568
382096.968899999
382097.269599999
382097.57
382097.9707
382098.3714
382098.7723
382099.1733
382099.4736
382099.8743
382100.275199999
382100.675999999
382100.976699999
382101.3776
382101.7785
382102.0788
382102.5798
382102.9806
382103.4817
382103.9822
382104.483599999
382104.784199999
382105.0847
382105.494599999
382105.8864
382106.291199999
382106.5875
382106.9882
382107.288899999
382107.689599999
382107.989899999
382108.2907
382108.691799999
382108.992399999
382109.296099999
382109.593799999
382109.896799999
382110.0946
382110.397999999
382110.704099999
382110.996099999
382111.197299999
382111.497299999
382111.6986
382111.998299999
382112.1987
382112.499499999
382112.799999999
382113.0005
382113.301099999
382113.501199999
382113.802099999
382114.103
382114.4035
382114.603699999
382114.905
382115.205299999
382115.405399999
382115.706
382115.906299999
382116.206999999
382116.407499999
382116.8079
382117.108999999
382117.4096
382117.609899999
382117.911
382118.1107
382118.411599999
382118.711999999
382119.0128
382119.318099999
382119.515899999
382119.817099999
382120.117399999
382120.317299999
382120.622499999
382120.917
382121.216799999
382121.519499999
382121.7186
382122.024099999
382122.319599999
382122.6201
382122.9207
382123.221399999
382123.4221
382123.722499999
382123.922699999
382124.1239
382124.329299999
382124.526899999
382124.7245
382125.025
382125.225299999
382125.4283
382125.625799999
382125.8263
382126.126899999
382126.3275
382126.5283
382126.8288
382127.028899999
382127.229799999
382127.4294
382127.6301
382127.830399999
382128.0308
382128.2317
382128.4315
382128.7319
382128.932399999
382129.133299999
382129.333299999
382129.5337
382129.7404
382130.0346
382130.2353
382130.4412
382130.7358
382130.9366
382131.1375
382131.3374
382131.537599999
382131.838199999
382132.038799999
382132.239
382132.439399999
382132.6399
382132.844299999
382133.043999999
382133.241399999
382133.5417
382133.742
382133.949499999
382134.142999999
382134.350099999
382134.649099999
382134.844199999
382135.0447
382135.2452
382135.4486
382135.646
382135.8496
382136.0468
382136.2469
382136.4476
382136.653999999
382136.9486
382137.1487
382137.349899999
382137.549899999
382137.7501
382137.955799999
382138.258499999
382138.458299999
382138.653999999
382138.852799999
382139.0528
382139.2603
382139.5581
382139.861499999
382140.0579
382140.3569
382140.5639
382140.956599999
382141.256999999
382141.4575
382141.657999999
382141.9624
382142.159199999
382142.359799999
382142.4601
382142.8668
382143.163899999
382143.7625
382144.068499999
382144.363499999
382144.767099999
382145.068399999
382145.369499999
382145.8704
382146.0714
382146.2673
382146.467799999
382146.768299999
382146.9687
382147.4696
382147.7699
382147.9707
382148.2712
382148.571999999
382148.7723
382148.972699999
382149.174899999
382149.273199999
382149.573199999
382149.874499999
382149.9747
382150.275199999
382150.578099999
382150.6826
382150.8813
382151.179899999
382151.382099999
382151.4832
382151.681199999
382151.878599999
382152.0788
382152.2836
382152.482499999
382152.7873
382152.983799999
382153.080499999
382153.2812
382153.487199999
382153.682099999
382153.8824
382154.0825
382154.282999999
382154.383199999
382154.4833
382154.684
382154.984699999
382155.184899999
382155.484899999
382155.885799999
382156.086899999
382156.287
382156.4867
382156.6868
382156.7882
382156.9881
382157.0887
382157.2886
382157.488899999
382157.689599999
382157.8899
382158.0907
382158.291
382158.591399999
382158.6915
382158.992299999
382159.1928
382159.392799999
382159.6939
382159.8936
382159.994599999
382160.194299999
382160.3947
382160.6953
382160.795299999
382160.996099999
382161.1963
382161.497199999
382161.6974
382161.8983
382162.198499999
382162.405199999
382162.803699999
382163.0039
382163.4046
382163.704399999
382163.903799999
382164.206
382164.306999999
382164.6056
382165.0042
382165.204399999
382165.405099999
382165.6104
382165.9106
382166.2064
382166.613
382166.907999999
382167.2085
382167.308699999
382167.7098
382168.0104
382168.1103
382168.510999999
382168.819
382169.219299999
382169.4208
382169.6143
382169.919899999
382170.117599999
382170.420999999
382170.615899999
382170.818399999
382171.0164
382171.216599999
382171.617599999
382171.8179
382172.218999999
382172.519199999
382172.819799999
382172.919999999
382173.3204
382173.721399999
382174.122199999
382174.2224
382174.3228
382174.6239
382174.9244
382175.124499999
382175.424899999
382175.6253
382175.7255
382176.226299999
382176.7272
382176.9277
382177.128099999
382177.3286
382177.428599999
382177.629399999
382177.829099999
382178.330799999
382178.630799999
382178.9316
382179.1324
382179.3325
382179.535099999
382179.832799999
382180.033799999
382180.134299999
382180.334299999
382180.4343
382180.6351
382180.734999999
382181.0356
382181.236199999
382181.3363
382181.6464
382181.839399999
382182.140899999
382182.445899999
382182.6388
382182.9393
382183.644399999
382184.2418
382184.542
382184.7431
382184.8425
382185.043899999
382185.1437
382185.343899999
382185.5443
382185.744899999
382185.9454
382186.0454
382186.246199999
382186.4461
382186.5541
382186.750799999
382186.954299999
382187.147799999
382187.4486
382187.6487
382187.749
382188.049699999
382188.349999999
382188.554999999
382188.7525
382188.8547
382189.152599999
382189.3555
382189.5556
382189.856099999
382189.953299999
382190.1596
382190.353699999
382190.5594
382190.656499999
382190.854999999
382191.0554
382191.255899999
382191.456499999
382191.5564
382191.8567
382192.057399999
382192.2574
382192.458299999
382192.658799999
382192.8592
382193.161299999
382193.3616
382193.460199999
382193.760599999
382194.161499999
382194.261799999
382194.461699999
382194.6621
382194.963199999
382195.1635
382195.363699999
382195.5642
382195.764499999
382196.0651
382196.265399999
382196.5665
382196.766599999
382196.867099999
382197.066799999
382197.2674
382197.568299999
382197.7685
382197.968999999
382198.0739
382198.369699999
382198.5703
382198.770599999
382198.970199999
382199.171099999
382199.3716
382199.672199999
382199.9724
382200.1732
382200.4735
382200.673699999
382200.774499999
382200.9747
382201.275
382201.3755
382201.4756
382201.680899999
382201.8765
382202.081
382202.284099999
382202.3801
382202.580599999
382202.7811
382202.9829
382203.179
382203.379399999
382203.4797
382203.679999999
382203.8802
382204.0809
382204.180799999
382204.3813
382204.585
382204.682499999
382204.8854
382205.086
382205.185799999
382205.385999999
382205.4867
382205.689899999
382205.7858
382205.987399999
382206.184699999
382206.3853
382206.484799999
382206.6854
382206.8861
382207.0898
382207.286699999
382207.3914
382207.5875
382207.7881
382207.9881
382208.188399999
382208.4892
382208.689499999
382208.8899
382209.090099999
382209.290399999
382209.593799999
382209.791599999
382209.992
382210.191999999
382210.493
382210.693299999
382210.8938
382211.1941
382211.396899999
382211.5985
382211.795299999
382211.997499999
382212.1979
382212.3985
382212.703099999
382212.9976
382213.2984
382213.498699999
382213.7994
382213.999799999
382214.307099999
382214.6008
382214.801199999
382215.0015
382215.3019
382215.602499999
382215.8029
382216.103699999
382216.303699999
382216.404099999
382216.603899999
382216.7047
382217.0053
382217.205599999
382217.4062
382217.5063
382217.706599999
382217.906799999
382218.107599999
382218.3081
382218.4081
382218.6084
382218.909299999
382219.1095
382219.309799999
382219.5099
382219.710199999
382220.0111
382220.3118
382220.512199999
382220.711899999
382221.012899999
382221.3164
382221.5139
382221.7145
382221.9147
382222.215199999
382222.4155
382222.6158
382222.917
382223.117299999
382223.4179
382223.6179
382223.918999999
382224.219099999
382224.4197
382224.720199999
382225.020799999
382225.3214
382225.6217
382225.924999999
382226.2246
382226.5238
382226.8239
382227.124699999
382227.425199999
382227.7259
382227.926099999
382228.2271
382228.5271
382228.830499999
382229.228599999
382229.5319
382229.829299999
382230.129899999
382230.4364
382230.731199999
382231.0319
382231.3339
382231.737399999
382232.0334
382232.334499999
382232.6401
382232.935699999
382233.3385
382233.642999999
382234.037899999
382234.3383
382234.6387
382234.9393
382235.242099999
382235.644399999
382235.944599999
382236.2419
382236.542399999
382236.9451
382237.2439
382237.5518
382237.852599999
382238.245799999
382238.646599999
382238.947199999
382239.347899999
382239.6486
382240.0492
382240.3498
382240.7506
382241.051099999
382241.451799999
382241.852799999
382242.253499999
382242.553899999
382242.954599999
382243.3557
382243.7564
382244.1595
382244.460499999
382245.0591
382245.7602
382246.361299999
382246.862699999
382247.3633
382247.8645
382248.465
382248.866399999
382249.367499999
382249.868399999
382250.3692
382250.7699
382251.1708
382251.5712
382251.9723
382252.4735
382252.8824
382253.3752
382253.7761
382254.178
382254.5776
382254.9784
382255.379299999
382255.781799999
382256.080599999
382256.4869
382256.8841
382257.282899999
382257.685799999
382258.084399999
382258.4854
382258.885899999
382259.2869
382259.6877
382260.0884
382260.4893
382260.89
382261.292399999
382261.693599999
382262.0925
382262.4932
382262.8938
382263.394599999
382263.801399999
382264.298699999
382264.797399999
382265.1979
382265.699299999
382266
382266.400699999
382266.8016
382267.2026
382267.603
382268.0042
382268.304699999
382268.705499999
382269.106099999
382269.507299999
382269.8076
382270.208299999
382270.6093
382271.0101
382271.4107
382271.7173
382272.1145
382272.5164
382272.9168
382273.3163
382273.7157
382274.0187
382274.418999999
382274.8175
382275.2186
382275.619
382276.025599999
382276.3228
382276.7235
382277.128299999
382277.623
382277.923599999
382278.324299999
382278.825599999
382279.226299999
382279.626999999
382280.027699999
382280.428399999
382280.9294
382281.229999999
382281.731
382282.133199999
382282.535399999
382283.0336
382283.333999999
382283.734899999
382284.135499999
382284.5443
382284.937199999
382285.438
382285.738899999
382286.139699999
382286.540399999
382287.041399999
382287.442199999
382287.842999999
382288.149299999
382288.5444
382288.9479
382289.351699999
382289.748299999
382290.152899999
382290.5483
382290.8579
382291.249799999
382291.350299999
